1 2 4 8 16 31 63 125 250 500 
1 2 4 8 16 31 63 125 251 499 
1 2 4 8 16 31 63 126 249 500 
1 2 4 8 16 31 63 126 250 499 
1 2 4 8 16 31 63 126 251 498 
1 2 4 8 16 31 63 126 252 497 
1 2 4 8 16 32 62 125 250 500 
1 2 4 8 16 32 62 125 251 499 
1 2 4 8 16 32 62 126 249 500 
1 2 4 8 16 32 62 126 250 499 
1 2 4 8 16 32 62 126 251 498 
1 2 4 8 16 32 62 126 252 497 
1 2 4 8 16 32 63 124 250 500 
1 2 4 8 16 32 63 124 251 499 
1 2 4 8 16 32 63 125 249 500 
1 2 4 8 16 32 63 125 250 499 
1 2 4 8 16 32 63 125 251 498 
1 2 4 8 16 32 63 125 252 497 
1 2 4 8 16 32 63 126 248 500 
1 2 4 8 16 32 63 126 249 499 
1 2 4 8 16 32 63 126 250 498 
1 2 4 8 16 32 63 126 251 497 
1 2 4 8 16 32 63 126 252 496 
1 2 4 8 16 32 63 126 253 495 
1 2 4 8 16 32 63 127 247 500 
1 2 4 8 16 32 63 127 248 499 
1 2 4 8 16 32 63 127 249 498 
1 2 4 8 16 32 63 127 250 497 
1 2 4 8 16 32 63 127 251 496 
1 2 4 8 16 32 63 127 252 495 
1 2 4 8 16 32 63 127 253 494 
1 2 4 8 16 32 63 127 254 493 
1 2 4 8 16 32 64 123 250 500 
1 2 4 8 16 32 64 123 251 499 
1 2 4 8 16 32 64 124 249 500 
1 2 4 8 16 32 64 124 250 499 
1 2 4 8 16 32 64 124 251 498 
1 2 4 8 16 32 64 124 252 497 
1 2 4 8 16 32 64 125 248 500 
1 2 4 8 16 32 64 125 249 499 
1 2 4 8 16 32 64 125 250 498 
1 2 4 8 16 32 64 125 251 497 
1 2 4 8 16 32 64 125 252 496 
1 2 4 8 16 32 64 125 253 495 
1 2 4 8 16 32 64 126 247 500 
1 2 4 8 16 32 64 126 248 499 
1 2 4 8 16 32 64 126 249 498 
1 2 4 8 16 32 64 126 250 497 
1 2 4 8 16 32 64 126 251 496 
1 2 4 8 16 32 64 126 252 495 
1 2 4 8 16 32 64 126 253 494 
1 2 4 8 16 32 64 126 254 493 
1 2 4 8 16 32 64 127 246 500 
1 2 4 8 16 32 64 127 247 499 
1 2 4 8 16 32 64 127 248 498 
1 2 4 8 16 32 64 127 249 497 
1 2 4 8 16 32 64 127 250 496 
1 2 4 8 16 32 64 127 251 495 
1 2 4 8 16 32 64 127 252 494 
1 2 4 8 16 32 64 127 253 493 
1 2 4 8 16 32 64 127 254 492 
1 2 4 8 16 32 64 127 255 491 
1 2 4 8 16 32 64 128 245 500 
1 2 4 8 16 32 64 128 246 499 
1 2 4 8 16 32 64 128 247 498 
1 2 4 8 16 32 64 128 248 497 
1 2 4 8 16 32 64 128 249 496 
1 2 4 8 16 32 64 128 250 495 
1 2 4 8 16 32 64 128 251 494 
1 2 4 8 16 32 64 128 252 493 
1 2 4 8 16 32 64 128 253 492 
1 2 4 8 16 32 64 128 254 491 
1 2 4 8 16 32 64 128 255 490 
1 2 4 8 16 32 64 128 256 489 
Total count 74
Sek 43
